((("index" .
   [1 0 0 0 0])
  ("only" .
   [1 0 0 0])
  ("blank?" .
   [0 0 0 1 0 0])
  ("if" .
   [1 0])
  ("inspect" .
   [1 0 0 0 0 0 0])
  ("cities" .
   [3 0 0 0 0 0])
  ("raise" .
   [1 0 0 0 0])
  ("false" .
   [1 0 1 0 0])
  ("first" .
   [1 0 0 0 0])
  ("downcase" .
   [0 0 0 2 0 0 0 0])
  ("each" .
   [1 0 0 0])
  ("answer" .
   [1 0 1 0 0 0])
  ("row" .
   [5 0 0])
  ("open" .
   [1 0 0 0])
  ("input" .
   [1 0 0 0 0])
  ("add" .
   [1 0 0])
  ("russian" .
   [1 0 0 0 0 0 0])
  ("chomp" .
   [4 0 0 0 0])
  ("gets" .
   [3 0 0 0])
  ("english" .
   [2 0 1 0 0 0 0])
  ("end" .
   [5 0 0])
  ("else" .
   [2 0 0 0])
  ("choise" .
   [2 0 1 0 0 0])
  ("puts" .
   [9 0 0 0])
  ("CSV" .
   [3 0 0])
  ("writer" .
   [1 0 0 0 0 0])
  ("marginTop" .
   [0 0 0 0 0 0 2 0 0])
  ("relative" .
   [0 0 1 0 0 0 0 0])
  ("position" .
   [0 0 0 0 1 0 0 0])
  ("all" .
   [1 0 0])
  ("haml-mode" .
   [0 0 0 0 1 0 0 0 0])
  ("require" .
   [1 0 0 0 0 0 0])
  ("margin-top" .
   [0 0 0 0 0 0 1 0 0 0])
  ("50px" .
   [1 0 0 0])
  ("params" .
   [2 0 0 0 0 0])
  ("gsub_name" .
   [1 0 0 0 0 0 0 0 0])
  ("name" .
   [2 0 0 0])
  ("gsub" .
   [3 0 0 0])
  ("category" .
   [1 0 0 0 0 0 0 0])
  ("after_save" .
   [1 0 0 0 0 0 0 0 0 0])
  ("self" .
   [1 0 0 0])
  ("before" .
   [1 0 0 0 0 0])
  ("click" .
   [1 0 0 0 0])
  ("function" .
   [1 0 0 0 0 0 0 0])
  ("this" .
   [1 0 0 0])
  ("console" .
   [1 0 0 0 0 0 0])
  ("log" .
   [1 0 0])
  ("id" .
   [1 0])))
